0.2930635729279485	0.3407099105097229	0.277178652497993	0.6147268984541262	0.5502372612600885	
0.587290465166799	0.8429075449805777	0.3962438363582018	0.6415516175559002	0.8726740598222394	
0.6366742082397691	0.40452956187566036	0.051104968199036205	0.07524035100471826	0.46111925933192244	
0.7181096276050366	0.9137609841391164	0.08904357901775395	0.6178451636590433	0.13124098572218823	
0.975472859024245	0.8498748341901822	0.8893312866462489	0.007584439027438217	0.07936693869827616	
0.3340965524486168	0.4837898650889427	0.5954561422936329	0.9775277131822027	0.0343780884010918	
0.6921902629078264	0.8137552882894009	0.9088062673216736	0.1500747119942747	0.497770729116495	
0.9142160181550799	0.6664658890720841	0.8031997459876176	0.5114385622997467	0.24609891456423616	
0.9837798168018319	0.013787462309585719	0.11520580420798932	0.19452328631088733	0.0688840314974567	
0.376377960130838	0.30504347186225444	0.604519849628752	0.09629398701359038	0.07494550093933994	
0.11413079164724493	0.9896738247330875	0.41726237278715594	0.42376176822416833	0.3479206530581219	
0.2514002922624742	0.01400993362329439	0.4994928531204619	0.6380948459179845	0.7715170129935882	
0.5745759403002394	0.9812715843431732	0.16929685319125898	0.021216149713387145	0.7923824875400939	
0.9730501548851119	0.9550749706412052	0.4689458412448715	0.5858414657510091	0.7108150348508142	
0.300773435355318	0.6001434865879188	0.5634952339596913	0.386288239805999	0.8027281601464927	
0.9121563742500332	0.636510139989905	0.2791678695712816	0.8950926435895332	0.5343261144432347	
0.34190264243962387	0.0947997154865673	0.8662448755935153	0.3245514715003347	0.01640644696297211	
0.4467616408356596	0.0875669095913495	0.9227802825331795	0.7445046577268633	0.6419032996667164	
0.335993015128337	0.8321556542635133	0.958390463881202	0.09135016996926915	0.8103158338308786	
0.5587752380969823	0.26242866767017003	0.7290131148121491	0.9387806441843604	0.783007701991233	
0.14990136018105227	0.6144735234515145	0.6217598505070667	0.3909122201432803	0.7617208405059088	
0.8320038454797428	0.1484544371476313	0.47656676696213185	0.07672975564956541	0.2184247634945241	
0.550851247787559	0.4336833800189812	0.7294796486747998	0.6039888768452916	0.11589436645338858	
0.9801630038532906	0.04558771807236961	0.7881244201873728	0.5795505625502023	0.9897777951398277	
0.9402516258222606	0.5634681374115098	0.9559441005719636	0.449274580059595	0.494614481436502	
0.7326260959748204	0.18205116339234806	0.9793065965234761	0.7389086767125262	0.7006416594244486	
0.9102502393893693	0.5262037084885915	0.27453303447597055	0.00863733881785389	0.9917005213414288	
0.8648160218701408	0.6058664292853071	0.4334081667316847	0.6137486359978711	0.3401938900382736	
0.26697553209281566	0.4578746755982571	0.27001807274381606	0.5379453677372527	0.45842520362404326	
0.24271256353118253	0.13410736272098345	0.8027159576674711	0.9503837222183917	0.7384573878417116	
0.8106070573773533	0.1630585598358324	0.753940967713922	0.15832961442890459	0.6495264607039589	
0.7761249271064589	0.37613313443835805	0.9102002609632073	0.3310816899339354	0.9764841021835393	
0.6539620518842416	0.24665222279414067	0.9856853604817695	0.6708418847969067	0.252251600815805	
0.3090848570443806	0.04740759838069153	0.5798323732433466	0.1824811496639417	0.5846922055671794	
0.28452824888104966	0.7483723942971761	0.9404594083896981	0.3623077005212739	0.0701112950281525	
0.895797804028111	0.6637054079793306	0.5644962412883608	0.4821267627740431	0.18792985458259281	
0.5109117308226498	0.7258835088366202	0.08006364501806007	0.6765686143945472	0.4260746273060786	
0.012942468914694305	0.7370523988486686	0.9649793838206573	0.3016253178340903	0.9734607676952264	
0.8430011153952488	0.08675867486054678	0.3380592643637971	0.03926286309577709	0.9928957720525745	
0.38401977063378423	0.7304812046103487	0.9720863076096361	0.035146623887931994	0.5379190091688063	
0.18476044068865316	0.16774539786378162	0.8558990331084135	0.33690886124263486	0.06530090449297254	
0.27668531227606386	0.5330675712800693	0.3491688258287666	0.8860288116452555	0.31441606613304207	
0.42011013383931983	0.8762334188081774	0.09245886258270752	0.7210380775456097	0.8054602483736443	
0.15094942810132683	0.8086549995048666	0.3344548631560684	0.20385076942719926	0.9672232575777302	
0.5225063935045507	0.7413758316988136	0.04633085333807008	0.3220630218200967	0.3105294759553239	
0.12919092596878612	0.09448183548957556	0.29502635164027	0.8218090355185095	0.020419516062935905	
0.11136908403280232	0.9736000955330816	0.7410114301980382	0.015928068442164767	0.45453103431751796	
0.06764589392515641	0.47589936360369944	0.9958173295701088	0.5018822692647562	0.11852056913351694	
0.5194240542099403	0.6877474427868454	0.40039267263354816	0.6161116112689613	0.8267557275678278	
0.2010126137866044	0.9061055643977345	0.23673299808656045	0.788379802135959	0.7674348666436442	
0.7560966872472386	0.7718282417512998	0.4478621209014557	0.2713798174005061	0.04053612922951266	
0.5877527418020048	0.5161472691393705	0.10886291512708823	0.36429604095200296	0.6366639391741417	
0.4344093156797231	0.990029672189652	0.44598468682450776	0.6455087628200665	0.027340634605293013	
0.46825986842458034	0.6028807128724983	0.747337060251289	0.5114533788194565	0.21263331725626555	
0.5611505779755368	0.00946628571978081	0.0821496293034204	0.8722585673855408	0.081901090306149	
0.027739897948090064	0.9991007339524843	0.2869779325328683	0.791407320900793	0.49606672602611035	
0.6607890828086213	0.9073795513269576	0.09260020018912674	0.3087178463331748	0.9645551240089677	
0.9207320884823526	0.14596876974829298	0.45476257946682486	0.6055097818072799	0.4190361691514002	
0.23882262217197536	0.8899672315458245	0.8970669678671928	0.1819675435659457	0.7098206045366795	
0.38238913287719045	0.8344701431040592	0.4967685785430729	0.34253205940767684	0.37639049693493054	
0.3108864423022536	0.9116146481357233	0.7366461952450561	0.09697152402721632	0.922114011887207	
0.6548396456432954	0.1169806099129741	0.4916292015833561	0.15009060600572455	0.6060538371783382	
0.8094003238899568	0.8801571267957439	0.8411046898040792	0.06612829826454647	0.4205414712829396	
0.2714614529963064	0.8293307027706884	0.3747414870096698	0.18943953780827383	0.2440051793169571	
0.2868387697315583	0.8416763200764689	0.05268457446367425	0.6105065040612825	0.7439337953207631	
0.329957173089775	0.4382214679217049	0.6981627510701568	0.6071190485996013	0.9487909089073548	
0.293153711978838	0.3855565837138978	0.5389145293186932	0.10105293480111643	0.07543244869413179	
0.5032944228337615	0.5105866925839299	0.9881268082848963	0.6517289519160112	0.12349780482644213	
0.235187086805841	0.5836643103479833	0.44530003988649014	0.7671433864001431	0.5966126529831532	
0.8137773515351953	0.15180360593521347	0.21963541860668245	0.2611164106568029	0.40893557523837165	
0.16948567714920515	0.10966806080160629	0.8186182626195503	0.4118167961616013	0.18176994970761973	
0.830077479017646	0.15592639823576215	0.2679916715131325	0.0065831810109117095	0.12607961565692505	
0.5456150046513639	0.9888122106289774	0.04599555577410819	0.16760210115607832	0.8784766702726675	
0.08215221065173794	0.10907455354432616	0.34479425716390033	0.35776087148582936	0.6388283705952872	
0.1605637127334939	0.07461830759576882	0.8533941803854349	0.01108149921172863	0.16032644606227542	
0.22894202373329087	0.8162621644121761	0.8918790882089869	0.677443386989117	0.6105061011325984	
0.7636246180443133	0.6219592267925278	0.03609472378731049	0.6506652841253778	0.1334750305492557	
0.7625935375016875	0.4037492786621182	0.24275189236826356	0.7639698153385193	0.24125973815138424	
0.6173023658620004	0.35894453062233245	0.918370961731985	0.9412897824659323	0.3937926311767882	
0.48905228198557427	0.8585403834370517	0.7052968550907442	0.3144891974150319	0.9453068483283878	
0.6012887326618661	0.9762086376755346	0.6492089215976369	0.9075427435675033	0.14476570970634217	
0.6642150308112184	0.002454208716842432	0.5562082181594694	0.016044746145138067	0.766643263697526	
0.09976831681497478	0.9425033058187063	0.29417918150982647	0.2847019228462937	0.8004031036620733	
0.5754774454506645	0.22159905465975127	0.11860987189888406	0.38859577291784453	0.4889217338370059	
0.7464189615034245	0.1299196200958217	0.10976534777623603	0.5443589915150727	0.6801502960769862	
0.3571714757869877	0.569823540106248	0.4583978784784355	0.6109845360828197	0.7437489334623042	
0.36322753824746246	0.6549119947363428	0.8713054113826391	0.3157261426774223	0.7718941073760348	
0.0954043425266331	0.25104819431316405	0.7878045569768715	0.17660279977952142	0.4199971608861611	
0.9724566390361539	0.335694166698814	0.8884614859896462	0.5764509605619194	0.7221079369515863	
0.40377945683127603	0.5653398987151629	0.22375148205198048	0.528068110195477	0.9326496753652584	
0.644003051615994	0.2838368171056923	0.7115339909633852	0.2974670542092732	0.9336361822619874	
0.03487788449360252	0.5994035856540277	0.22399398861382047	0.8840442591597618	0.7637038519229131	
0.618315487199482	0.6320779860061602	0.2857731129931447	0.6959473306517383	0.028445809786318277	
0.7121019852971529	0.698849897073585	0.6976087410702049	0.06425970779983192	0.5512896651010109	
0.24452669265589488	0.3959390935770808	0.09759121589227715	0.30521477965062505	0.6259389541402197	
0.9383921362407768	0.2764058610339035	0.6407329963909415	0.8586438909483939	0.5660233531590935	
0.545457167689694	0.10739564480624553	0.27057517316117996	0.4399058567034274	0.5618017588427326	
0.6181486342488024	0.10181883716345408	0.023546091342578346	0.3985556445819436	0.8196341256821322	
0.5798241720185934	0.6732930699463805	0.24528124693625797	0.2726618224938935	0.5197780221326036	
0.837107697721947	0.8538739209837906	0.18080290992179382	0.6889978825363261	0.5777408401447269	
